1,1,1
1.06,0.98,1.04
1.12,0.9588,1.0796
1.18,0.9364,1.1188
1.24,0.9128,1.1575
1.2999,0.888,1.1958
1.3598,0.862,1.2337
1.4197,0.83481,1.271
1.4796,0.80641,1.3079
1.5394,0.77682,1.3443
1.5991,0.74603,1.3801
1.6588,0.71405,1.4154
1.7184,0.68087,1.4502
1.778,0.64651,1.4843
1.8374,0.61095,1.5179
1.8968,0.5742,1.551
1.9561,0.53626,1.5834
2.0154,0.49714,1.6151
2.0745,0.45683,1.6463
2.1336,0.41534,1.6768
2.1926,0.37267,1.7066
2.2515,0.32882,1.7358
2.3103,0.28379,1.7643
2.369,0.23758,1.7921
2.4276,0.1902,1.8192
2.4862,0.14165,1.8456
2.5446,0.091927,1.8712
2.603,0.041035,1.8961
2.6613,-0.011025,1.9203
2.7195,-0.064251,1.9437
2.7777,-0.11864,1.9663
2.8357,-0.17419,1.9881
2.8938,-0.23091,2.0092
2.9517,-0.28878,2.0295
3.0096,-0.34782,2.049
3.0675,-0.40801,2.0676
3.1253,-0.46936,2.0855
3.1831,-0.53187,2.1025
3.2409,-0.59553,2.1186
3.2987,-0.66035,2.134
3.3565,-0.72632,2.1485
3.4143,-0.79345,2.1621
3.4721,-0.86174,2.1749
3.53,-0.93118,2.1868
3.5879,-1.0018,2.1978
3.6458,-1.0735,2.208
3.7039,-1.1465,2.2173
3.762,-1.2205,2.2257
3.8203,-1.2958,2.2332
3.8786,-1.3722,2.2398
3.9371,-1.4498,2.2456
3.9958,-1.5285,2.2504
4.0547,-1.6084,2.2543
4.1137,-1.6895,2.2574
4.173,-1.7718,2.2595
4.2325,-1.8552,2.2607
4.2922,-1.9399,2.2611
4.3523,-2.0257,2.2605
4.4126,-2.1128,2.259
4.4733,-2.201,2.2566
4.5344,-2.2905,2.2533
4.5958,-2.3812,2.2492
4.6576,-2.4731,2.2441
4.7199,-2.5663,2.2381
4.7827,-2.6607,2.2312
4.8459,-2.7563,2.2234
4.9097,-2.8532,2.2147
4.974,-2.9514,2.2052
5.039,-3.0509,2.1947
5.1045,-3.1517,2.1834
5.1707,-3.2538,2.1712
5.2376,-3.3572,2.1581
5.3053,-3.4619,2.1441
5.3737,-3.568,2.1293
5.4429,-3.6755,2.1136
5.5129,-3.7844,2.0971
5.5839,-3.8946,2.0797
5.6558,-4.0063,2.0615
5.7286,-4.1194,2.0425
5.8025,-4.234,2.0226
5.8774,-4.35,2.0019
5.9534,-4.4676,1.9805
6.0306,-4.5867,1.9582
6.1089,-4.7073,1.9351
6.1885,-4.8295,1.9112
6.2694,-4.9532,1.8866
6.3517,-5.0786,1.8612
6.4353,-5.2056,1.835
6.5204,-5.3344,1.8081
6.607,-5.4648,1.7804
6.6952,-5.5969,1.7521
6.785,-5.7308,1.723
6.8765,-5.8665,1.6932
6.9697,-6.004,1.6628
7.0647,-6.1434,1.6316
7.1615,-6.2847,1.5998
7.2603,-6.428,1.5674
7.361,-6.5732,1.5343
7.4639,-6.7204,1.5005
7.5688,-6.8697,1.4662
7.6759,-7.021,1.4312
